A=[1 -1 -1 0 0 0
   0 1 0 -1 0 0
   0 0 0 1 -1 0
   0 0 1 0 1 -1
   0 10 -10 5 15 0
   5 0 10 0 0 20]
B=[0 0 0 0 0 200]'
current=A\B

